MEMORY
  total           14570 KB
  struct            159 KB
  buffer             75 KB
  arena           14336 KB, used 0.1%

SIZES
  narena                14680064
  nbuffer               76688
  nplugin               0
  maxuse_stack          5672
  maxuse_arena          11320
  maxuse_con            0
  maxuse_efc            2
  ncon                  0
  ne                    0
  nf                    0
  nl                    2
  nefc                  2
  nJ                    44
  nA                    0
  nisland               1
  nidof                 22
  ntree_awake           1
  nbody_awake           47
  nparent_awake         46
  nv_awake              22
  threadpool            0

SOLVER STAT
  solver_fwdinv =   0         0       
  ISLAND 0
    solver_niter = 2
    solver_nnz = 484
      0:  improvement =  16          gradient =  0.0051      lineslope =  2.4e-16 
          nactive = 2   nchange = 2   neval = 5   nupdate = 2
      1:  improvement =  5.2e-05     gradient =  5.3e-16     lineslope =  1.7e-19 
          nactive = 2   nchange = 0   neval = 2   nupdate = 0

ENERGY =   0         0       

TIME =  0.003   

QPOS
   1.6e-05 
  -5.2e-22 
   0.81    
   1       
  -4.8e-21 
  -6.7e-05 
  -4.2e-21 
  -0.52    
   1.6e-20 
   2.1e-21 
   0.87    
  -3.7e-21 
  -0.42    
  -0.52    
   6.3e-21 
  -6e-21   
   0.87    
   4e-21   
  -0.42    
  -0.00093 
  -0.17    
  -0.00093 
  -0.17    

QVEL
   0.0076  
  -3.2e-20 
  -0.016   
  -5.6e-18 
  -0.065   
  -7.6e-18 
   0.081   
   8.2e-18 
   9.5e-19 
  -0.013   
  -7.5e-18 
   0.0037  
   0.081   
   5.5e-18 
  -2.2e-18 
  -0.013   
   7.5e-18 
   0.0037  
  -0.45    
   1.2     
  -0.45    
   1.2     

QACC_WARMSTART
   2.3     
  -1.4e-15 
  -5.8     
  -2.3e-15 
  -19      
   1.9e-14 
   24      
  -2e-15   
  -5.1e-15 
  -3.9     
  -7e-15   
   1.1     
   24      
  -3.1e-16 
  -4.3e-15 
  -3.9     
   8.8e-15 
   1.1     
  -1.3e+02 
   3.5e+02 
  -1.3e+02 
   3.5e+02 

CTRL
   0       
   0       
   0       
   0       
   0       
   0       
   0       
   0       
   0       
   0       
   0       
   0       
   0       
   0       
   0       
   0       

QFRC_APPLIED
   0       
   0       
   0       
   0       
   0       
   0       
   0       
   0       
   0       
   0       
   0       
   0       
   0       
   0       
   0       
   0       
   0       
   0       
   0       
   0       
   0       
   0       

XFRC_APPLIED
   0         0         0         0         0         0       
   0         0         0         0         0         0       
   0         0         0         0         0         0       
   0         0         0         0         0         0       
   0         0         0         0         0         0       
   0         0         0         0         0         0       
   0         0         0         0         0         0       
   0         0         0         0         0         0       
   0         0         0         0         0         0       
   0         0         0         0         0         0       
   0         0         0         0         0         0       
   0         0         0         0         0         0       
   0         0         0         0         0         0       
   0         0         0         0         0         0       
   0         0         0         0         0         0       
   0         0         0         0         0         0       
   0         0         0         0         0         0       
   0         0         0         0         0         0       
   0         0         0         0         0         0       
   0         0         0         0         0         0       
   0         0         0         0         0         0       
   0         0         0         0         0         0       
   0         0         0         0         0         0       
   0         0         0         0         0         0       
   0         0         0         0         0         0       
   0         0         0         0         0         0       
   0         0         0         0         0         0       
   0         0         0         0         0         0       
   0         0         0         0         0         0       
   0         0         0         0         0         0       
   0         0         0         0         0         0       
   0         0         0         0         0         0       
   0         0         0         0         0         0       
   0         0         0         0         0         0       
   0         0         0         0         0         0       
   0         0         0         0         0         0       
   0         0         0         0         0         0       
   0         0         0         0         0         0       
   0         0         0         0         0         0       
   0         0         0         0         0         0       
   0         0         0         0         0         0       
   0         0         0         0         0         0       
   0         0         0         0         0         0       
   0         0         0         0         0         0       
   0         0         0         0         0         0       
   0         0         0         0         0         0       
   0         0         0         0         0         0       

QACC
   2       
  -1.5e-15 
  -6.3     
  -2.7e-15 
  -17      
   2.2e-14 
   22      
  -8.2e-16 
  -2e-15   
  -3.4     
  -2e-15   
   0.97    
   22      
  -2e-15   
  -8.8e-15 
  -3.4     
   4e-15   
   0.97    
  -1.2e+02 
   3.1e+02 
  -1.2e+02 
   3.1e+02 

SENSOR
   0.26    
  -1.4e-15 
   4.1     
   8.1e-18 
   0.019   
   1.2e-16 
   0.26    
   5.4e-16 
   4.1     
   3.2e-18 
   0.019   
   4.6e-17 
  -54      
  -9.7     
  -30      
  -1.2     
   6.2     
   0.1     
  -54      
   9.7     
  -30      
   1.2     
   6.2     
  -0.1     
  -5.6e-18 
  -0.065   
  -7.6e-18 
   2       
  -1.5e-15 
   3.5     

TREE_ASLEEP
  -11

XPOS
   0         0         0       
   1.6e-05  -5.2e-22   0.81    
   1.6e-05  -0.096     0.81    
   1.6e-05  -0.096     0.81    
   1.6e-05  -0.096     0.81    
   0.18     -0.096     0.46    
   0.093    -0.096     0.11    
   0.093    -0.096     0.11    
   1.6e-05   0.096     0.81    
   1.6e-05   0.096     0.81    
   1.6e-05   0.096     0.81    
   0.18      0.096     0.46    
   0.093     0.096     0.11    
   0.093     0.096     0.11    
  -1e-05     1.3e-21   1       
  -1e-05     1.3e-21   1       
  -1e-05     1.3e-21   1       
  -0.0031    5.7e-21   1.5     
  -0.0031    5.7e-21   1.5     
  -0.0031    5.7e-21   1.5     
  -5.4e-05  -0.24      1.3     
  -5.4e-05  -0.24      1.3     
  -5.4e-05  -0.24      1.3     
   0.02     -0.29      1       
   0.18     -0.32      0.86    
   0.18     -0.32      0.86    
   0.18     -0.32      0.86    
   0.24     -0.3       0.79    
   0.27     -0.31      0.76    
   0.25     -0.35      0.82    
   0.29     -0.35      0.78    
   0.22     -0.35      0.78    
   0.25     -0.36      0.75    
  -5.4e-05   0.24      1.3     
  -5.4e-05   0.24      1.3     
  -5.4e-05   0.24      1.3     
   0.02      0.29      1       
   0.18      0.32      0.86    
   0.18      0.32      0.86    
   0.18      0.32      0.86    
   0.24      0.3       0.79    
   0.27      0.31      0.76    
   0.25      0.35      0.82    
   0.29      0.35      0.78    
   0.22      0.35      0.78    
   0.25      0.36      0.75    
   0         0         0       

XQUAT
   1         0         0         0       
   1        -4.8e-21  -6.7e-05  -4.2e-21 
   0.97     -5.7e-21  -0.26     -2.8e-21 
   0.97      2e-21    -0.26     -7.5e-22 
   0.97      1.7e-21  -0.26      2.5e-22 
   0.98      1.5e-21   0.17      9.5e-22 
   0.98     -3.9e-22   0.17      1.3e-21 
   1        -1.2e-22  -0.035     1.3e-21 
   0.97     -5.7e-21  -0.26     -2.8e-21 
   0.97     -2.7e-21  -0.26     -2e-21   
   0.97     -1.9e-21  -0.26     -4.9e-21 
   0.98      3.7e-22   0.17     -5.3e-21 
   0.98      2.3e-21   0.17     -5.6e-21 
   1         1.1e-21  -0.035    -6e-21   
   1        -4.8e-21  -6.7e-05  -4.2e-21 
   1        -4.8e-21  -6.7e-05  -4.2e-21 
   1        -4.8e-21  -6.7e-05  -4.2e-21 
   1        -4.8e-21  -6.7e-05  -4.2e-21 
   1        -4.8e-21  -6.7e-05  -4.2e-21 
   1        -4.8e-21  -6.7e-05  -4.2e-21 
   1        -4.9e-21  -0.027    -4.1e-21 
   1        -0.085    -0.026    -0.0023  
   1        -0.085    -0.026    -0.0023  
   0.93     -0.081    -0.36      0.027   
   0.93     -0.081    -0.36      0.027   
   0.93     -0.081    -0.36      0.027   
   0.93     -0.081    -0.36      0.027   
   0.93     -0.081    -0.36      0.027   
   0.93     -0.081    -0.36      0.027   
   0.93     -0.081    -0.36      0.027   
   0.93     -0.081    -0.36      0.027   
   0.93     -0.081    -0.36      0.027   
   0.93     -0.081    -0.36      0.027   
   1        -4.9e-21  -0.027    -4.1e-21 
   1         0.085    -0.026     0.0023  
   1         0.085    -0.026     0.0023  
   0.93      0.081    -0.36     -0.027   
   0.93      0.081    -0.36     -0.027   
   0.93      0.081    -0.36     -0.027   
   0.93      0.081    -0.36     -0.027   
   0.93      0.081    -0.36     -0.027   
   0.93      0.081    -0.36     -0.027   
   0.93      0.081    -0.36     -0.027   
   0.93      0.081    -0.36     -0.027   
   0.93      0.081    -0.36     -0.027   
   0.93      0.081    -0.36     -0.027   
   1         0         0         0       

XMAT
   1         0         0         0         1         0         0         0         1       
   1         8.4e-21  -0.00013  -8.4e-21   1         9.6e-21   0.00013  -9.6e-21   1       
   0.87      8.4e-21  -0.5      -2.5e-21   1         1.2e-20   0.5      -9.6e-21   0.87    
   0.87      4.2e-22  -0.5      -2.5e-21   1        -3.5e-21   0.5       4.2e-21   0.87    
   0.87     -1.4e-21  -0.5      -4.2e-22   1        -3.5e-21   0.5       3.2e-21   0.87    
   0.94     -1.4e-21   0.34      2.4e-21   1        -2.5e-21  -0.34      3.2e-21   0.94    
   0.94     -2.6e-21   0.34      2.4e-21   1         1.2e-21  -0.34     -3.2e-22   0.94    
   1        -2.6e-21  -0.07      2.7e-21   1         1.4e-22   0.07     -3.2e-22   1       
   0.87      8.4e-21  -0.5      -2.5e-21   1         1.2e-20   0.5      -9.6e-21   0.87    
   0.87      5.2e-21  -0.5      -2.5e-21   1         6.2e-21   0.5      -4.1e-21   0.87    
   0.87      1e-20    -0.5      -8.5e-21   1         6.2e-21   0.5      -1.1e-21   0.87    
   0.94      1e-20     0.34     -1e-20     1        -2.6e-21  -0.34     -1.1e-21   0.94    
   0.94      1.2e-20   0.34     -1e-20     1        -6.6e-21  -0.34      2.7e-21   0.94    
   1         1.2e-20  -0.07     -1.2e-20   1        -1.8e-21   0.07      2.7e-21   1       
   1         8.4e-21  -0.00013  -8.4e-21   1         9.6e-21   0.00013  -9.6e-21   1       
   1         8.4e-21  -0.00013  -8.4e-21   1         9.6e-21   0.00013  -9.6e-21   1       
   1         8.4e-21  -0.00013  -8.4e-21   1         9.6e-21   0.00013  -9.6e-21   1       
   1         8.4e-21  -0.00013  -8.4e-21   1         9.6e-21   0.00013  -9.6e-21   1       
   1         8.4e-21  -0.00013  -8.4e-21   1         9.6e-21   0.00013  -9.6e-21   1       
   1         8.4e-21  -0.00013  -8.4e-21   1         9.6e-21   0.00013  -9.6e-21   1       
   1         8.4e-21  -0.053    -7.9e-21   1         1e-20     0.053    -9.6e-21   1       
   1         0.009    -0.052     0         0.99      0.17      0.053    -0.17      0.98    
   1         0.009    -0.052     0         0.99      0.17      0.053    -0.17      0.98    
   0.73      0.009    -0.68      0.11      0.99      0.13      0.67     -0.17      0.72    
   0.73      0.009    -0.68      0.11      0.99      0.13      0.67     -0.17      0.72    
   0.73      0.009    -0.68      0.11      0.99      0.13      0.67     -0.17      0.72    
   0.73      0.009    -0.68      0.11      0.99      0.13      0.67     -0.17      0.72    
   0.73      0.009    -0.68      0.11      0.99      0.13      0.67     -0.17      0.72    
   0.73      0.009    -0.68      0.11      0.99      0.13      0.67     -0.17      0.72    
   0.73      0.009    -0.68      0.11      0.99      0.13      0.67     -0.17      0.72    
   0.73      0.009    -0.68      0.11      0.99      0.13      0.67     -0.17      0.72    
   0.73      0.009    -0.68      0.11      0.99      0.13      0.67     -0.17      0.72    
   0.73      0.009    -0.68      0.11      0.99      0.13      0.67     -0.17      0.72    
   1         8.4e-21  -0.053    -7.9e-21   1         1e-20     0.053    -9.6e-21   1       
   1        -0.009    -0.052     0         0.99     -0.17      0.053     0.17      0.98    
   1        -0.009    -0.052     0         0.99     -0.17      0.053     0.17      0.98    
   0.73     -0.009    -0.68     -0.11      0.99     -0.13      0.67      0.17      0.72    
   0.73     -0.009    -0.68     -0.11      0.99     -0.13      0.67      0.17      0.72    
   0.73     -0.009    -0.68     -0.11      0.99     -0.13      0.67      0.17      0.72    
   0.73     -0.009    -0.68     -0.11      0.99     -0.13      0.67      0.17      0.72    
   0.73     -0.009    -0.68     -0.11      0.99     -0.13      0.67      0.17      0.72    
   0.73     -0.009    -0.68     -0.11      0.99     -0.13      0.67      0.17      0.72    
   0.73     -0.009    -0.68     -0.11      0.99     -0.13      0.67      0.17      0.72    
   0.73     -0.009    -0.68     -0.11      0.99     -0.13      0.67      0.17      0.72    
   0.73     -0.009    -0.68     -0.11      0.99     -0.13      0.67      0.17      0.72    
   0.73     -0.009    -0.68     -0.11      0.99     -0.13      0.67      0.17      0.72    
   1         0         0         0         1         0         0         0         1       

XIPOS
   0         0         0       
  -0.01     -1.1e-22   0.84    
   1.6e-05  -0.096     0.81    
   1.6e-05  -0.096     0.81    
   0.12     -0.096     0.62    
   0.16     -0.096     0.3     
   0.093    -0.096     0.11    
   0.13     -0.096     0.046   
   1.6e-05   0.096     0.81    
   1.6e-05   0.096     0.81    
   0.12      0.096     0.62    
   0.16      0.096     0.3     
   0.093     0.096     0.11    
   0.13      0.096     0.046   
  -5.9e-07   6.4e-22   0.93    
  -1e-05     1.3e-21   1       
   0.02      3.4e-21   1.2     
  -0.0031    5.2e-21   1.4     
  -0.0031    5.7e-21   1.5     
   0.0069    6.7e-21   1.6     
  -5.4e-05  -0.24      1.3     
  -5.4e-05  -0.24      1.3     
  -0.00011  -0.27      1.1     
   0.073    -0.31      0.95    
   0.18     -0.32      0.86    
   0.18     -0.32      0.86    
   0.22     -0.32      0.81    
   0.25     -0.3       0.78    
   0.28     -0.31      0.75    
   0.27     -0.35      0.81    
   0.3      -0.35      0.77    
   0.23     -0.35      0.77    
   0.26     -0.36      0.74    
  -5.4e-05   0.24      1.3     
  -5.4e-05   0.24      1.3     
  -0.00011   0.27      1.1     
   0.073     0.31      0.95    
   0.18      0.32      0.86    
   0.18      0.32      0.86    
   0.22      0.32      0.81    
   0.25      0.3       0.78    
   0.28      0.31      0.75    
   0.27      0.35      0.81    
   0.3       0.35      0.77    
   0.23      0.35      0.77    
   0.26      0.36      0.74    
   0         0         0       

XIMAT
   1         0         0         0         1         0         0         0         1       
   1         8.4e-21  -0.00013  -8.4e-21   1         9.6e-21   0.00013  -9.6e-21   1       
   0.87      8.4e-21  -0.5      -2.5e-21   1         1.2e-20   0.5      -9.6e-21   0.87    
   0.87      4.2e-22  -0.5      -2.5e-21   1        -3.5e-21   0.5       4.2e-21   0.87    
   0        -0.87     -0.5       1         0         0         0        -0.5       0.87    
  -5.6e-17  -0.94      0.34      1         0         0         0         0.34      0.94    
   0.94     -2.6e-21   0.34      2.4e-21   1         1.2e-21  -0.34     -3.2e-22   0.94    
  -0.07      2.6e-21   1         1.4e-22  -1         2.7e-21   1         3.2e-22   0.07    
   0.87      8.4e-21  -0.5      -2.5e-21   1         1.2e-20   0.5      -9.6e-21   0.87    
   0.87      5.2e-21  -0.5      -2.5e-21   1         6.2e-21   0.5      -4.1e-21   0.87    
   0        -0.87     -0.5       1         0         0         0        -0.5       0.87    
  -5.6e-17  -0.94      0.34      1         0         0         0         0.34      0.94    
   0.94      1.2e-20   0.34     -1e-20     1        -6.6e-21  -0.34      2.7e-21   0.94    
  -0.07     -1.2e-20   1        -1.8e-21  -1        -1.2e-20   1        -2.7e-21   0.07    
  -0.00013  -1         0         0         0        -1         1        -0.00013   0       
   1         8.4e-21  -0.00013  -8.4e-21   1         9.6e-21   0.00013  -9.6e-21   1       
   1        -0.00013   0         0         0        -1         0.00013   1         0       
   1         8.4e-21  -0.00013  -8.4e-21   1         9.6e-21   0.00013  -9.6e-21   1       
   1         8.4e-21  -0.00013  -8.4e-21   1         9.6e-21   0.00013  -9.6e-21   1       
   1         8.4e-21  -0.00013  -8.4e-21   1         9.6e-21   0.00013  -9.6e-21   1       
   1         8.4e-21  -0.053    -7.9e-21   1         1e-20     0.053    -9.6e-21   1       
   1         0.009    -0.052     0         0.99      0.17      0.053    -0.17      0.98    
   0.009    -1        -0.052     0.99     -5.6e-17   0.17     -0.17     -0.053     0.98    
   0.73      0.009    -0.68      0.11      0.99      0.13      0.67     -0.17      0.72    
   0.73      0.009    -0.68      0.11      0.99      0.13      0.67     -0.17      0.72    
   0.73      0.009    -0.68      0.11      0.99      0.13      0.67     -0.17      0.72    
   0.009    -0.73     -0.68      0.99     -0.11      0.13     -0.17     -0.67      0.72    
   0.73      0.009    -0.68      0.11      0.99      0.13      0.67     -0.17      0.72    
   0.73      0.009    -0.68      0.11      0.99      0.13      0.67     -0.17      0.72    
   0.73      0.009    -0.68      0.11      0.99      0.13      0.67     -0.17      0.72    
   0.73      0.009    -0.68      0.11      0.99      0.13      0.67     -0.17      0.72    
   0.73      0.009    -0.68      0.11      0.99      0.13      0.67     -0.17      0.72    
   0.73      0.009    -0.68      0.11      0.99      0.13      0.67     -0.17      0.72    
   1         8.4e-21  -0.053    -7.9e-21   1         1e-20     0.053    -9.6e-21   1       
   1        -0.009    -0.052     0         0.99     -0.17      0.053     0.17      0.98    
  -0.009    -1        -0.052     0.99      5.6e-17  -0.17      0.17     -0.053     0.98    
   0.73     -0.009    -0.68     -0.11      0.99     -0.13      0.67      0.17      0.72    
   0.73     -0.009    -0.68     -0.11      0.99     -0.13      0.67      0.17      0.72    
   0.73     -0.009    -0.68     -0.11      0.99     -0.13      0.67      0.17      0.72    
  -0.009    -0.73     -0.68      0.99      0.11     -0.13      0.17     -0.67      0.72    
   0.73     -0.009    -0.68     -0.11      0.99     -0.13      0.67      0.17      0.72    
   0.73     -0.009    -0.68     -0.11      0.99     -0.13      0.67      0.17      0.72    
   0.73     -0.009    -0.68     -0.11      0.99     -0.13      0.67      0.17      0.72    
   0.73     -0.009    -0.68     -0.11      0.99     -0.13      0.67      0.17      0.72    
   0.73     -0.009    -0.68     -0.11      0.99     -0.13      0.67      0.17      0.72    
   0.73     -0.009    -0.68     -0.11      0.99     -0.13      0.67      0.17      0.72    
   1         0         0         0         1         0         0         0         1       

XANCHOR
   1.6e-05  -5.2e-22   0.81    
   1.6e-05  -0.096     0.81    
   1.6e-05  -0.096     0.81    
   1.6e-05  -0.096     0.81    
   0.18     -0.096     0.46    
   0.093    -0.096     0.11    
   0.093    -0.096     0.11    
   1.6e-05   0.096     0.81    
   1.6e-05   0.096     0.81    
   1.6e-05   0.096     0.81    
   0.18      0.096     0.46    
   0.093     0.096     0.11    
   0.093     0.096     0.11    
  -5.4e-05  -0.24      1.3     
   0.02     -0.29      1       
  -5.4e-05   0.24      1.3     
   0.02      0.29      1       

XAXIS
   0         0         1       
   8.4e-21   1        -9.6e-21 
   0.87     -2.5e-21   0.5     
  -0.5      -3.5e-21   0.87    
  -1.4e-21   1         3.2e-21 
   0.94      2.4e-21  -0.34    
  -2.6e-21   1        -3.2e-22 
   8.4e-21   1        -9.6e-21 
   0.87     -2.5e-21   0.5     
  -0.5       6.2e-21   0.87    
   1e-20     1        -1.1e-21 
   0.94     -1e-20    -0.34    
   1.2e-20   1         2.7e-21 
   8.4e-21   1        -9.6e-21 
   0.009     0.99     -0.17    
   8.4e-21   1        -9.6e-21 
  -0.009     0.99      0.17    

GEOM_XPOS
  -0.0067   -4.7e-07   0.86    
   0.0064   -0.096     0.8     
   0.0031   -0.096     0.8     
   0.12     -0.096     0.62    
   0.12     -0.096     0.63    
   0.16     -0.096     0.29    
   0.16     -0.096     0.31    
   0.094    -0.096     0.12    
   0.12     -0.095     0.046   
   0.13     -0.096     0.018   
   0.0064    0.096     0.8     
   0.0031    0.096     0.8     
   0.12      0.096     0.62    
   0.12      0.096     0.63    
   0.16      0.096     0.29    
   0.16      0.096     0.31    
   0.094     0.096     0.12    
   0.12      0.095     0.046   
   0.13      0.096     0.018   
  -3.5e-06  -9.9e-07   0.95    
   0.052     9.2e-06   1.2     
  -0.041     1.2e-05   1.2     
  -0.0099    2.9e-05   1.4     
   0.058    -2.5e-06   1.6     
  -0.032     2.9e-06   1.6     
  -5.4e-05  -0.23      1.3     
   0.00016  -0.27      1.2     
   0.074    -0.31      0.95    
   0.18     -0.32      0.86    
   0.22     -0.33      0.81    
   0.25     -0.3       0.78    
   0.28     -0.31      0.75    
   0.26     -0.35      0.81    
   0.29     -0.35      0.77    
   0.23     -0.35      0.77    
   0.26     -0.36      0.74    
  -5.4e-05   0.23      1.3     
   0.00016   0.27      1.2     
   0.074     0.31      0.95    
   0.18      0.32      0.86    
   0.22      0.33      0.81    
   0.25      0.3       0.78    
   0.28      0.31      0.75    
   0.26      0.35      0.81    
   0.29      0.35      0.77    
   0.23      0.35      0.77    
   0.26      0.36      0.74    
   0         0         0       

GEOM_XMAT
   0.7       0.71     -1.7e-05   6.6e-06   1.7e-05   1         0.71     -0.7       7.1e-06 
  -1.2e-05  -0.87     -0.5       1        -1.4e-05  -5.6e-17  -7.1e-06  -0.5       0.87    
  -1.2e-05  -0.87     -0.5       1        -1.4e-05  -5.6e-17  -7.1e-06  -0.5       0.87    
  -1.2e-05  -0.85     -0.53      1        -1.4e-05  -4.2e-07  -7.1e-06  -0.53      0.85    
  -1.2e-05  -0.84     -0.54      1        -1.4e-05  -6.3e-07  -7.1e-06  -0.54      0.84    
   0        -0.94      0.34      1         0         0         0         0.34      0.94    
  -5.6e-17  -0.94      0.33      1         0         0         0         0.33      0.94    
  -5.6e-17  -0.94      0.34      1         0         0         0         0.34      0.94    
  -0.012     0.026     1         0.031    -1         0.026     1         0.032     0.012   
   1        -2.6e-21  -0.07      2.7e-21   1         1.4e-22   0.07     -3.2e-22   1       
  -1.2e-05  -0.87     -0.5       1        -1.4e-05  -5.6e-17  -7.1e-06  -0.5       0.87    
  -1.2e-05  -0.87     -0.5       1        -1.4e-05  -5.6e-17  -7.1e-06  -0.5       0.87    
  -1.2e-05  -0.85     -0.53      1        -1.4e-05  -4.2e-07  -7.1e-06  -0.53      0.85    
  -1.2e-05  -0.84     -0.54      1        -1.4e-05  -6.3e-07  -7.1e-06  -0.54      0.84    
   0        -0.94      0.34      1         0         0         0         0.34      0.94    
   5.6e-17  -0.94      0.33      1         0         0         0         0.33      0.94    
  -5.6e-17  -0.94      0.34      1         0         0         0         0.34      0.94    
  -0.012    -0.026     1        -0.031    -1        -0.026     1        -0.032     0.012   
   1         1.2e-20  -0.07     -1.2e-20   1        -1.8e-21   0.07      2.7e-21   1       
  -1        -0.00013  -1.4e-05  -1.4e-05   5.6e-17   1        -0.00013   1        -1.9e-09 
   1        -5.9e-05   0.063     3.7e-05   1         0.00035  -0.063    -0.00035   1       
   1         3.6e-05  -0.04     -2.5e-05   1         0.00029   0.04     -0.00029   1       
  -0.98      0.00086   0.21     -0.00079  -1         0.00044   0.21      0.00026   0.98    
   0.99     -8.1e-06  -0.11      4.7e-05   1         0.00035   0.11     -0.00035   0.99    
   0.99      5e-05    -0.12     -5.3e-06   1         0.00037   0.12     -0.00037   0.99    
  -0.053     1        -1.4e-05   5.6e-17   1.4e-05   1         1         0.053    -7.5e-07 
   0.009    -1         0.016     0.99      0.012     0.17     -0.17      0.014     0.99    
  -0.69     -0.009    -0.73     -0.12     -0.99      0.12     -0.72      0.17      0.68    
   0.009    -0.73     -0.68      0.99     -0.11      0.13     -0.17     -0.67      0.72    
  -0.044    -0.73     -0.68      0.99     -0.11      0.053    -0.11     -0.67      0.73    
   0.009    -0.73     -0.68      0.99     -0.11      0.13     -0.17     -0.67      0.72    
   0.009    -0.73     -0.68      0.99     -0.11      0.13     -0.17     -0.67      0.72    
   0.009    -0.73     -0.68      0.99     -0.11      0.13     -0.17     -0.67      0.72    
   0.009    -0.79     -0.61      0.99     -0.096     0.14     -0.17     -0.6       0.78    
   0.009    -0.73     -0.68      0.99     -0.11      0.13     -0.17     -0.67      0.72    
   0.009    -0.66     -0.75      0.99     -0.12      0.12     -0.17     -0.74      0.65    
  -0.053     1        -1.4e-05   5.6e-17   1.4e-05   1         1         0.053    -7.5e-07 
  -0.009    -1         0.016     0.99     -0.012    -0.17      0.17      0.014     0.99    
  -0.69      0.009    -0.73      0.12     -0.99     -0.12     -0.72     -0.17      0.68    
  -0.009    -0.73     -0.68      0.99      0.11     -0.13      0.17     -0.67      0.72    
   0.044    -0.73     -0.68      0.99      0.11     -0.053     0.11     -0.67      0.73    
  -0.009    -0.73     -0.68      0.99      0.11     -0.13      0.17     -0.67      0.72    
  -0.009    -0.73     -0.68      0.99      0.11     -0.13      0.17     -0.67      0.72    
  -0.009    -0.73     -0.68      0.99      0.11     -0.13      0.17     -0.67      0.72    
  -0.009    -0.79     -0.61      0.99      0.096    -0.14      0.17     -0.6       0.78    
  -0.009    -0.73     -0.68      0.99      0.11     -0.13      0.17     -0.67      0.72    
  -0.009    -0.66     -0.75      0.99      0.12     -0.12      0.17     -0.74      0.65    
   1         0         0         0         1         0         0         0         1       

SITE_XPOS
   1.6e-05  -5.2e-22   0.81    
   0.13     -0.096     0.016   
   0.13      0.096     0.016   
   0.18     -0.32      0.86    
   0.18      0.32      0.86    

SITE_XMAT
   1         8.4e-21  -0.00013  -8.4e-21   1         9.6e-21   0.00013  -9.6e-21   1       
   1        -2.6e-21  -0.07      2.7e-21   1         1.4e-22   0.07     -3.2e-22   1       
   1         1.2e-20  -0.07     -1.2e-20   1        -1.8e-21   0.07      2.7e-21   1       
   0.73      0.009    -0.68      0.11      0.99      0.13      0.67     -0.17      0.72    
   0.73     -0.009    -0.68     -0.11      0.99     -0.13      0.67      0.17      0.72    

LIGHT_XPOS
   0         0         1.5     
   0         0         2       
   0         0         4       

LIGHT_XDIR
   0         0        -1       
   0         0        -1       
   0.02      0        -1       

SUBTREE_COM
   0.062     0         0.86    
   0.062     0         0.86    
   0.11     -0.096     0.44    
   0.12     -0.096     0.4     
   0.13     -0.096     0.35    
   0.14     -0.096     0.2     
   0.11     -0.096     0.073   
   0.13     -0.096     0.046   
   0.11      0.096     0.44    
   0.12      0.096     0.4     
   0.13      0.096     0.35    
   0.14      0.096     0.2     
   0.11      0.096     0.073   
   0.13      0.096     0.046   
   0.056     6.6e-22   1.1     
   0.057     6.6e-22   1.2     
   0.059     6.4e-22   1.2     
   0.0036    6.2e-21   1.5     
   0.0049    6.5e-21   1.5     
   0.0069    6.7e-21   1.6     
   0.094    -0.29      1       
   0.11     -0.3       1       
   0.12     -0.31      0.94    
   0.18     -0.32      0.85    
   0.22     -0.33      0.82    
   0.23     -0.33      0.8     
   0.25     -0.33      0.78    
   0.26     -0.31      0.76    
   0.28     -0.31      0.75    
   0.28     -0.35      0.79    
   0.3      -0.35      0.77    
   0.24     -0.36      0.76    
   0.26     -0.36      0.74    
   0.094     0.29      1       
   0.11      0.3       1       
   0.12      0.31      0.94    
   0.18      0.32      0.85    
   0.22      0.33      0.82    
   0.23      0.33      0.8     
   0.25      0.33      0.78    
   0.26      0.31      0.76    
   0.28      0.31      0.75    
   0.28      0.35      0.79    
   0.3       0.35      0.77    
   0.24      0.36      0.76    
   0.26      0.36      0.74    
   0         0         0       

CDOF
   0         0         0         1         0         0       
   0         0         0         0         1         0       
   0         0         0         0         0         1       
   1        -8.4e-21   0.00013  -4e-22    -0.048     1e-21   
   8.4e-21   1        -9.6e-21   0.048    -1e-21    -0.062   
  -0.00013   9.6e-21   1        -6.6e-23   0.062    -6e-22   
   8.4e-21   1        -9.6e-21   0.048    -1e-21    -0.062   
   0.87     -2.5e-21   0.5      -0.048    -0.01      0.083   
  -0.5      -3.5e-21   0.87     -0.083     0.078    -0.048   
  -1.4e-21   1         3.2e-21   0.39      1.7e-22   0.11    
   0.94      2.4e-21  -0.34      0.033    -0.69      0.09    
  -2.6e-21   1        -3.2e-22   0.74      2e-21     0.03    
   8.4e-21   1        -9.6e-21   0.048    -1e-21    -0.062   
   0.87     -2.5e-21   0.5       0.048    -0.01     -0.083   
  -0.5       6.2e-21   0.87      0.083     0.078     0.048   
   1e-20     1        -1.1e-21   0.39     -4e-21     0.11    
   0.94     -1e-20    -0.34     -0.033    -0.69     -0.09    
   1.2e-20   1         2.7e-21   0.74     -8.9e-21   0.03    
   8.4e-21   1        -9.6e-21  -0.47      3.4e-21  -0.062   
   0.009     0.99     -0.17     -0.12     -0.0056   -0.039   
   8.4e-21   1        -9.6e-21  -0.47      3.4e-21  -0.062   
  -0.009     0.99      0.17     -0.12      0.0056   -0.039   

CINERT
   0         0         0         0         0         0         0         0         0         0       
   0.092     0.14      0.16     -8.3e-23  -0.01      2e-22    -0.72     -1.1e-21  -0.14      10      
   0.013     0.0081    0.015    -0.006    -0.003    -0.0046   -0.062    -0.096    -0.048     1       
   0.013     0.0081    0.015    -0.006    -0.003    -0.0046   -0.062    -0.096    -0.048     1       
   0.22      0.21      0.052     0.016     0.05     -0.067     0.17     -0.29     -0.7       3       
   0.99      1         0.068     0.028     0.16     -0.16      0.29     -0.29     -1.7       3       
   0.56      0.55      0.011     0.0029    0.023    -0.071     0.03     -0.096    -0.74      1       
   1         1         0.026     0.0094    0.079    -0.12      0.098    -0.14     -1.2       1.5     
   0.013     0.0081    0.015     0.006    -0.003     0.0046   -0.062     0.096    -0.048     1       
   0.013     0.0081    0.015     0.006    -0.003     0.0046   -0.062     0.096    -0.048     1       
   0.22      0.21      0.052    -0.016     0.05      0.067     0.17      0.29     -0.7       3       
   0.99      1         0.068    -0.028     0.16      0.16      0.29      0.29     -1.7       3       
   0.56      0.55      0.011    -0.0029    0.023     0.071     0.03      0.096    -0.74      1       
   1         1         0.026    -0.0094    0.079     0.12      0.098     0.14     -1.2       1.5     
   0.0072    0.011     0.0071    4e-23     0.0046   -4.8e-23  -0.062     6.4e-22   0.074     1       
   0.023     0.027     0.0063    8.2e-23   0.009    -1.9e-22  -0.062     1.3e-21   0.14      1       
   1.6       1.6       0.15      1.5e-21   0.16     -1.3e-20  -0.42      3.4e-20   3.8       10      
   0.15      0.15      0.0028    1.7e-22   0.018    -1.4e-21  -0.033     2.6e-21   0.27      0.5     
   0.18      0.18      0.0026    1.9e-22   0.02     -1.7e-21  -0.033     2.8e-21   0.3       0.5     
   1         1         0.016     7.4e-22   0.078    -9.4e-21  -0.11      1.3e-20   1.4       2       
   0.28      0.23      0.063    -0.015     0.03      0.11     -0.062    -0.24      0.47      1       
   0.28      0.23      0.063    -0.015     0.03      0.11     -0.062    -0.24      0.47      1       
   0.33      0.19      0.16     -0.034     0.036     0.15     -0.12     -0.54      0.57      2       
   0.11      0.019     0.1       0.0041    0.0029    0.026     0.011    -0.31      0.089     1       
   0.11      0.014     0.12      0.038     0.0001   -0.00028   0.12     -0.32     -0.00088   1       
   0.053     0.0072    0.059     0.019     5.1e-05  -0.00014   0.059    -0.16     -0.00044   0.5     
   0.053     0.014     0.065     0.025     0.0036   -0.0074    0.079    -0.16     -0.023     0.5     
   0.02      0.0081    0.025     0.011     0.0029   -0.0047    0.037    -0.061    -0.016     0.2     
   0.022     0.012     0.028     0.013     0.0048   -0.0068    0.043    -0.062    -0.022     0.2     
   0.025     0.0088    0.033     0.014     0.0022   -0.0037    0.041    -0.07     -0.011     0.2     
   0.027     0.012     0.036     0.017     0.004    -0.0061    0.047    -0.071    -0.017     0.2     
   0.027     0.0071    0.031     0.012     0.0029   -0.0061    0.033    -0.071    -0.017     0.2     
   0.029     0.011     0.034     0.014     0.0047   -0.0086    0.039    -0.072    -0.024     0.2     
   0.28      0.23      0.063     0.015     0.03     -0.11     -0.062     0.24      0.47      1       
   0.28      0.23      0.063     0.015     0.03     -0.11     -0.062     0.24      0.47      1       
   0.33      0.19      0.16      0.034     0.036    -0.15     -0.12      0.54      0.57      2       
   0.11      0.019     0.1      -0.0041    0.0029   -0.026     0.011     0.31      0.089     1       
   0.11      0.014     0.12     -0.038     0.0001    0.00028   0.12      0.32     -0.00088   1       
   0.053     0.0072    0.059    -0.019     5.1e-05   0.00014   0.059     0.16     -0.00044   0.5     
   0.053     0.014     0.065    -0.025     0.0036    0.0074    0.079     0.16     -0.023     0.5     
   0.02      0.0081    0.025    -0.011     0.0029    0.0047    0.037     0.061    -0.016     0.2     
   0.022     0.012     0.028    -0.013     0.0048    0.0068    0.043     0.062    -0.022     0.2     
   0.025     0.0088    0.033    -0.014     0.0022    0.0037    0.041     0.07     -0.011     0.2     
   0.027     0.012     0.036    -0.017     0.004     0.0061    0.047     0.071    -0.017     0.2     
   0.027     0.0071    0.031    -0.012     0.0029    0.0061    0.033     0.071    -0.017     0.2     
   0.029     0.011     0.034    -0.014     0.0047    0.0086    0.039     0.072    -0.024     0.2     
   0         0         0         0         0         0         0         0         0         0       

ACTUATOR_LENGTH
  -0.52    
   1.6e-20 
   2.1e-21 
   0.87    
  -3.7e-21 
  -0.42    
  -0.52    
   6.3e-21 
  -6e-21   
   0.87    
   4e-21   
  -0.42    
  -0.00093 
  -0.17    
  -0.00093 
  -0.17    

actuator_moment
------------------------
       x                |
        x               |
         x              |
          x             |
           x            |
            x           |
             x          |
              x         |
               x        |
                x       |
                 x      |
                  x     |
                   x    |
                    x   |
                     x  |
                      x |
------------------------

ACTUATOR_MOMENT
     6:  1       
     7:  1       
     8:  1       
     9:  1       
    10:  1       
    11:  1       
    12:  1       
    13:  1       
    14:  1       
    15:  1       
    16:  1       
    17:  1       
    18:  1       
    19:  1       
    20:  1       
    21:  1       

CRB
   0         0         0         0         0         0         0         0         0         0       
   11        10        2.4      -6.9e-18   1.1       0        -4.4e-16   0        -3.6e-15   62      
   2.8       2.8       0.19      0.045     0.3      -0.43      0.47     -1        -4.4       10      
   2.8       2.8       0.17      0.051     0.3      -0.42      0.53     -0.91     -4.4       9.5     
   2.8       2.8       0.16      0.057     0.31     -0.42      0.59     -0.82     -4.3       8.5     
   2.6       2.6       0.1       0.04      0.26     -0.35      0.42     -0.53     -3.6       5.5     
   1.6       1.6       0.037     0.012     0.1      -0.19      0.13     -0.24     -2         2.5     
   1         1         0.026     0.0094    0.079    -0.12      0.098    -0.14     -1.2       1.5     
   2.8       2.8       0.19     -0.045     0.3       0.43      0.47      1        -4.4       10      
   2.8       2.8       0.17     -0.051     0.3       0.42      0.53      0.91     -4.4       9.5     
   2.8       2.8       0.16     -0.057     0.31      0.42      0.59      0.82     -4.3       8.5     
   2.6       2.6       0.1      -0.04      0.26      0.35      0.42      0.53     -3.6       5.5     
   1.6       1.6       0.037    -0.012     0.1       0.19      0.13      0.24     -2         2.5     
   1         1         0.026    -0.0094    0.079     0.12      0.098     0.14     -1.2       1.5     
   5.7       4.5       1.8       1.2e-21   0.54     -1.3e-20  -0.21      2.1e-20   9         31      
   5.7       4.5       1.8       1.2e-21   0.53     -1.3e-20  -0.15      2e-20     8.9       30      
   5.7       4.5       1.8       1.1e-21   0.52     -1.3e-20  -0.086     1.9e-20   8.8       29      
   1.3       1.3       0.021     1.1e-21   0.12     -1.3e-20  -0.18      1.9e-20   2         3       
   1.2       1.2       0.018     9.2e-22   0.098    -1.1e-20  -0.14      1.6e-20   1.7       2.5     
   1         1         0.016     7.4e-22   0.078    -9.4e-21  -0.11      1.3e-20   1.4       2       
   1.4       0.76      0.82      0.1       0.12      0.36      0.26     -2.4       1.5       8.2     
   1.1       0.53      0.76      0.12      0.094     0.25      0.32     -2.1       1         7.2     
   0.79      0.3       0.69      0.13      0.064     0.14      0.38     -1.9       0.53      6.2     
   0.47      0.11      0.53      0.17      0.028    -0.017     0.51     -1.4      -0.042     4.2     
   0.36      0.095     0.43      0.16      0.025    -0.044     0.5      -1.1      -0.13      3.2     
   0.25      0.08      0.31      0.13      0.025    -0.044     0.38     -0.73     -0.13      2.2     
   0.2       0.073     0.25      0.11      0.025    -0.043     0.32     -0.57     -0.13      1.7     
   0.041     0.02      0.054     0.025     0.0077   -0.012     0.08     -0.12     -0.038     0.4     
   0.022     0.012     0.028     0.013     0.0048   -0.0068    0.043    -0.062    -0.022     0.2     
   0.052     0.021     0.069     0.031     0.0062   -0.0097    0.087    -0.14     -0.028     0.4     
   0.027     0.012     0.036     0.017     0.004    -0.0061    0.047    -0.071    -0.017     0.2     
   0.055     0.018     0.064     0.026     0.0076   -0.015     0.073    -0.14     -0.041     0.4     
   0.029     0.011     0.034     0.014     0.0047   -0.0086    0.039    -0.072    -0.024     0.2     
   1.4       0.76      0.82     -0.1       0.12     -0.36      0.26      2.4       1.5       8.2     
   1.1       0.53      0.76     -0.12      0.094    -0.25      0.32      2.1       1         7.2     
   0.79      0.3       0.69     -0.13      0.064    -0.14      0.38      1.9       0.53      6.2     
   0.47      0.11      0.53     -0.17      0.028     0.017     0.51      1.4      -0.042     4.2     
   0.36      0.095     0.43     -0.16      0.025     0.044     0.5       1.1      -0.13      3.2     
   0.25      0.08      0.31     -0.13      0.025     0.044     0.38      0.73     -0.13      2.2     
   0.2       0.073     0.25     -0.11      0.025     0.043     0.32      0.57     -0.13      1.7     
   0.041     0.02      0.054    -0.025     0.0077    0.012     0.08      0.12     -0.038     0.4     
   0.022     0.012     0.028    -0.013     0.0048    0.0068    0.043     0.062    -0.022     0.2     
   0.052     0.021     0.069    -0.031     0.0062    0.0097    0.087     0.14     -0.028     0.4     
   0.027     0.012     0.036    -0.017     0.004     0.0061    0.047     0.071    -0.017     0.2     
   0.055     0.018     0.064    -0.026     0.0076    0.015     0.073     0.14     -0.041     0.4     
   0.029     0.011     0.034    -0.014     0.0047    0.0086    0.039     0.072    -0.024     0.2     
   0         0         0         0         0         0         0         0         0         0       

QM
   62      
   0         62      
   0         0         62      
  -2.5e-20  -3         6.5e-20   12      
   3        -6.2e-20  -3.9      -6.9e-18   11      
  -4.1e-21   3.9      -3.7e-20   0.94      8.4e-20   2.6     
  -3.9       2.2e-20  -1.1       0.11      2.5      -0.38      2.7     
   5.6e-17   4         1.1e-16   2.3      -7.4e-17   0.55     -7.4e-17   2.4     
   0        -1         5.6e-17  -0.7       1.7e-17  -0.1       1.7e-17  -0.66      0.38    
  -1.5      -2.7e-21   0.21     -0.02      0.99     -0.14      0.99     -3.1e-17  -4.2e-17   0.65    
   0         0.078     2.8e-17   0.061     2.1e-17   0.0072    2.1e-17   0.057    -0.024     2.6e-17   0.072   
  -0.1      -2.9e-22  -0.052     0.005     0.09     -0.0098    0.09      6.9e-18   1.4e-17   0.045    -5.2e-18   0.15    
  -3.9       2.2e-20  -1.1      -0.11      2.5       0.38                                                                  2.7     
  -5.6e-17   4        -1.1e-16   2.3       4.6e-17   0.55                                                                  4.6e-17   2.4     
   0        -1        -5.6e-17  -0.7      -1.7e-17  -0.1                                                                  -1.7e-17  -0.66      0.38    
  -1.5       1.6e-20   0.21      0.02      0.99      0.14                                                                  0.99      1.7e-17   4.2e-17   0.65    
   0         0.078    -2.8e-17   0.061    -2.1e-17   0.0072                                                               -2.1e-17   0.057    -0.024    -2.6e-17   0.072   
  -0.1       1.3e-21  -0.052    -0.005     0.09      0.0098                                                                0.09     -6.9e-18  -1.4e-17   0.045     5.2e-18   0.15    
  -2.4       1.3e-20  -0.77      0.25      0.0081   -0.76                                                                                                                              1.4     
  -0.78     -0.11     -0.68      0.22      0.15     -0.28                                                                                                                              0.56      0.42    
  -2.4       1.3e-20  -0.77     -0.25      0.0081    0.76                                                                                                                                                  1.4     
  -0.78      0.11     -0.68     -0.22      0.15      0.28                                                                                                                                                  0.56      0.42    

M
     0:  62      
     0:  0          1:  62      
     0:  0          1:  0          2:  62      
     0: -2.5e-20    1: -3          2:  6.5e-20    3:  12      
     0:  3          1: -6.2e-20    2: -3.9        3: -6.9e-18    4:  11      
     0: -4.1e-21    1:  3.9        2: -3.7e-20    3:  0.94       4:  8.4e-20    5:  2.6     
     0: -3.9        1:  2.2e-20    2: -1.1        3:  0.11       4:  2.5        5: -0.38       6:  2.7     
     0:  5.6e-17    1:  4          2:  1.1e-16    3:  2.3        4: -7.4e-17    5:  0.55       6: -7.4e-17    7:  2.4     
     0:  0          1: -1          2:  5.6e-17    3: -0.7        4:  1.7e-17    5: -0.1        6:  1.7e-17    7: -0.66       8:  0.38    
     0: -1.5        1: -2.7e-21    2:  0.21       3: -0.02       4:  0.99       5: -0.14       6:  0.99       7: -3.1e-17    8: -4.2e-17    9:  0.65    
     0:  0          1:  0.078      2:  2.8e-17    3:  0.061      4:  2.1e-17    5:  0.0072     6:  2.1e-17    7:  0.057      8: -0.024      9:  2.6e-17   10:  0.072   
     0: -0.1        1: -2.9e-22    2: -0.052      3:  0.005      4:  0.09       5: -0.0098     6:  0.09       7:  6.9e-18    8:  1.4e-17    9:  0.045     10: -5.2e-18   11:  0.15    
     0: -3.9        1:  2.2e-20    2: -1.1        3: -0.11       4:  2.5        5:  0.38      12:  2.7     
     0: -5.6e-17    1:  4          2: -1.1e-16    3:  2.3        4:  4.6e-17    5:  0.55      12:  4.6e-17   13:  2.4     
     0:  0          1: -1          2: -5.6e-17    3: -0.7        4: -1.7e-17    5: -0.1       12: -1.7e-17   13: -0.66      14:  0.38    
     0: -1.5        1:  1.6e-20    2:  0.21       3:  0.02       4:  0.99       5:  0.14      12:  0.99      13:  1.7e-17   14:  4.2e-17   15:  0.65    
     0:  0          1:  0.078      2: -2.8e-17    3:  0.061      4: -2.1e-17    5:  0.0072    12: -2.1e-17   13:  0.057     14: -0.024     15: -2.6e-17   16:  0.072   
     0: -0.1        1:  1.3e-21    2: -0.052      3: -0.005      4:  0.09       5:  0.0098    12:  0.09      13: -6.9e-18   14: -1.4e-17   15:  0.045     16:  5.2e-18   17:  0.15    
     0: -2.4        1:  1.3e-20    2: -0.77       3:  0.25       4:  0.0081     5: -0.76      18:  1.4     
     0: -0.78       1: -0.11       2: -0.68       3:  0.22       4:  0.15       5: -0.28      18:  0.56      19:  0.42    
     0: -2.4        1:  1.3e-20    2: -0.77       3: -0.25       4:  0.0081     5:  0.76      20:  1.4     
     0: -0.78       1:  0.11       2: -0.68       3: -0.22       4:  0.15       5:  0.28      20:  0.56      21:  0.42    

QLD
     0:  24      
     0:  1e-17      1:  30      
     0: -0.044      1:  6e-20      2:  56      
     0:  3.2e-18    1: -1.5        2: -1.9e-19    3:  7       
     0:  1.7        1: -6.9e-18    2: -0.27       3: -8.3e-19    4:  5.7     
     0: -6e-17      1:  1.5        2:  0          3:  0.17       4:  2e-17      5:  1.4     
     0: -1.5        1:  1.2e-17    2: -1.2        3:  0.12       4:  0.83       5: -0.14       6:  1.2     
     0: -1.5e-16    1:  1.8        2:  2e-16      3:  0.83       4:  8.5e-17    5:  0.29       6:  8.5e-17    7:  1.3     
     0: -2e-16      1: -2.6        2:  2.2e-16    3: -1.8        4:  1.9e-16    5: -0.26       6:  1.9e-16    7: -1.7        8:  0.38    
     0: -2.3        1: -4.6e-17    2:  0.36       3: -0.034      4:  1.5        5: -0.22       6:  1.5        7: -8.7e-17    8: -5.8e-17    9:  0.63    
     0: -5e-17      1:  1.1        2:  3.6e-16    3:  0.85       4:  3.3e-16    5:  0.1        6:  3.3e-16    7:  0.79       8: -0.34       9:  3.8e-16   10:  0.072   
     0: -0.69       1: -1.9e-21    2: -0.35       3:  0.034      4:  0.61       5: -0.066      6:  0.61       7:  4.7e-17    8:  9.4e-17    9:  0.31      10: -3.5e-17   11:  0.15    
     0: -1.5        1: -2.1e-18    2: -1.2        3: -0.12       4:  0.83       5:  0.14      12:  1.2     
     0:  1.2e-16    1:  1.8        2: -1.9e-16    3:  0.83       4: -9e-17      5:  0.29      12: -9e-17     13:  1.3     
     0:  2e-16      1: -2.6        2: -2.2e-16    3: -1.8        4: -1.9e-16    5: -0.26      12: -1.9e-16   13: -1.7       14:  0.38    
     0: -2.3        1:  4.7e-17    2:  0.36       3:  0.034      4:  1.5        5:  0.22      12:  1.5       13:  6.5e-17   14:  5.8e-17   15:  0.63    
     0:  5e-17      1:  1.1        2: -3.6e-16    3:  0.85       4: -3.3e-16    5:  0.1       12: -3.3e-16   13:  0.79      14: -0.34      15: -3.8e-16   16:  0.072   
     0: -0.69       1:  9.1e-21    2: -0.35       3: -0.034      4:  0.61       5:  0.066     12:  0.61      13: -4.7e-17   14: -9.4e-17   15:  0.31      16:  3.5e-17   17:  0.15    
     0: -2.1        1:  0.22       2:  0.21       3: -0.07       4: -0.29       5: -0.6       18:  0.65    
     0: -1.9        1: -0.26       2: -1.6        3:  0.54       4:  0.35       5: -0.68      18:  1.3       19:  0.42    
     0: -2.1        1: -0.22       2:  0.21       3:  0.07       4: -0.29       5:  0.6       20:  0.65    
     0: -1.9        1:  0.26       2: -1.6        3: -0.54       4:  0.35       5:  0.68      20:  1.3       21:  0.42    

QLDIAGINV
   0.041   
   0.033   
   0.018   
   0.14    
   0.17    
   0.72    
   0.86    
   0.78    
   2.7     
   1.6     
   14      
   6.8     
   0.86    
   0.78    
   2.7     
   1.6     
   14      
   6.8     
   1.5     
   2.4     
   1.5     
   2.4     

M: inertia structure
------------------------
 x                      |
 xx                     |
 xxx                    |
 xxxx                   |
 xxxxx                  |
 xxxxxx                 |
 xxxxxxx                |
 xxxxxxxx               |
 xxxxxxxxx              |
 xxxxxxxxxx             |
 xxxxxxxxxxx            |
 xxxxxxxxxxxx           |
 xxxxxx      x          |
 xxxxxx      xx         |
 xxxxxx      xxx        |
 xxxxxx      xxxx       |
 xxxxxx      xxxxx      |
 xxxxxx      xxxxxx     |
 xxxxxx            x    |
 xxxxxx            xx   |
 xxxxxx              x  |
 xxxxxx              xx |
------------------------

iM: block-diagonal inertia (nnzs are island ids)
------------------------
 0                      |
 00                     |
 000                    |
 0000                   |
 00000                  |
 000000                 |
 0000000                |
 00000000               |
 000000000              |
 0000000000             |
 00000000000            |
 000000000000           |
 000000      0          |
 000000      00         |
 000000      000        |
 000000      0000       |
 000000      00000      |
 000000      000000     |
 000000            0    |
 000000            00   |
 000000              0  |
 000000              00 |
------------------------

QH
     0:  24      
     0:  7.8e-20    1:  30      
     0: -0.044      1:  1e-18      2:  56      
     0: -2.8e-18    1: -1.5        2:  4.5e-18    3:  7       
     0:  1.7        1:  1.2e-18    2: -0.27       3:  2.4e-18    4:  5.7     
     0: -2e-17      1:  1.5        2:  0          3:  0.17       4:  0          5:  1.4     
     0: -1.5        1: -1.3e-16    2: -1.2        3:  0.12       4:  0.83       5: -0.14       6:  1.2     
     0:  5.6e-17    1:  1.8        2:  1.3e-17    3:  0.83       4:  1.2e-16    5:  0.29       6:  1.2e-16    7:  1.3     
     0:  1.7e-17    1: -2.6        2: -1.4e-17    3: -1.8        4:  1.3e-16    5: -0.26       6:  1.3e-16    7: -1.7        8:  0.38    
     0: -2.3        1:  1.8e-17    2:  0.36       3: -0.034      4:  1.5        5: -0.22       6:  1.5        7: -8.5e-19    8: -9.4e-19    9:  0.63    
     0: -4.1e-17    1:  1.1        2: -4e-16      3:  0.85       4: -6e-17      5:  0.1        6: -6e-17      7:  0.78       8: -0.34       9: -1.5e-16   10:  0.072   
     0: -0.69       1:  1e-22      2: -0.35       3:  0.034      4:  0.61       5: -0.066      6:  0.61       7:  4.1e-17    8:  8.8e-17    9:  0.31      10: -2.9e-17   11:  0.15    
     0: -1.5        1:  1.3e-16    2: -1.2        3: -0.12       4:  0.83       5:  0.14      12:  1.2     
     0: -5.6e-17    1:  1.8        2: -1.3e-17    3:  0.83       4: -1.2e-16    5:  0.29      12: -1.2e-16   13:  1.3     
     0: -1.7e-17    1: -2.6        2:  1.4e-17    3: -1.8        4: -1.3e-16    5: -0.26      12: -1.3e-16   13: -1.7       14:  0.38    
     0: -2.3        1: -1.8e-17    2:  0.36       3:  0.034      4:  1.5        5:  0.22      12:  1.5       13:  8.5e-19   14:  9.4e-19   15:  0.63    
     0:  4.1e-17    1:  1.1        2:  4e-16      3:  0.85       4:  6e-17      5:  0.1       12:  6e-17     13:  0.78      14: -0.34      15:  1.5e-16   16:  0.072   
     0: -0.69       1:  9.4e-23    2: -0.35       3: -0.034      4:  0.61       5:  0.066     12:  0.61      13: -4.1e-17   14: -8.8e-17   15:  0.31      16:  2.9e-17   17:  0.15    
     0: -2.1        1:  0.22       2:  0.21       3: -0.07       4: -0.29       5: -0.6       18:  0.65    
     0: -1.9        1: -0.26       2: -1.6        3:  0.54       4:  0.35       5: -0.68      18:  1.3       19:  0.42    
     0: -2.1        1: -0.22       2:  0.21       3:  0.07       4: -0.29       5:  0.6       20:  0.65    
     0: -1.9        1:  0.26       2: -1.6        3: -0.54       4:  0.35       5:  0.68      20:  1.3       21:  0.42    

QHDIAGINV
   0.041   
   0.033   
   0.018   
   0.14    
   0.17    
   0.72    
   0.86    
   0.77    
   2.7     
   1.6     
   14      
   6.7     
   0.86    
   0.77    
   2.7     
   1.6     
   14      
   6.7     
   1.5     
   2.4     
   1.5     
   2.4     

TREE_AWAKE
  1

BODY_AWAKE
  -1 1 1 1 1 1 1 1 1 1 1 1 1 1 1 1 1 1 1 1 1 1 1 1 1 1 1 1 1 1 1 1 1 1 1 1 1 1 1 1 1 1 1 1 1 1 -1

BODY_AWAKE_IND
  0 1 2 3 4 5 6 7 8 9 10 11 12 13 14 15 16 17 18 19 20 21 22 23 24 25 26 27 28 29 30 31 32 33 34 35 36 37 38 39 40 41 42 43 44 45 46

PARENT_AWAKE_IND
  1 2 3 4 5 6 7 8 9 10 11 12 13 14 15 16 17 18 19 20 21 22 23 24 25 26 27 28 29 30 31 32 33 34 35 36 37 38 39 40 41 42 43 44 45 46

DOF_AWAKE_IND
  0 1 2 3 4 5 6 7 8 9 10 11 12 13 14 15 16 17 18 19 20 21

EFC_TYPE
  3
  3

EFC_ID
  14
  16

EFC_J
   0         0         0         0         0         0         0         0         0         0         0         0         0         0         0         0         0         0         0         1         0         0       
   0         0         0         0         0         0         0         0         0         0         0         0         0         0         0         0         0         0         0         0         0         1       

IEFC_J
   0         0         0         0         0         0         0         0         0         0         0         0         0         0         0         0         0         0         0         1         0         0       
   0         0         0         0         0         0         0         0         0         0         0         0         0         0         0         0         0         0         0         0         0         1       

EFC_POS
  -0.17    
  -0.17    

EFC_MARGIN
   0       
   0       

EFC_FRICTIONLOSS
   0       
   0       

EFC_DIAGAPPROX
   5.7     
   5.7     

EFC_KBIP
   2.8e+03   1.1e+02   0.95      0       
   2.8e+03   1.1e+02   0.95      0       

EFC_D
   3.3     
   3.3     

EFC_R
   0.3     
   0.3     

ACTUATOR_VELOCITY
   0.081   
   8.2e-18 
   9.5e-19 
  -0.013   
  -7.5e-18 
   0.0037  
   0.081   
   5.5e-18 
  -2.2e-18 
  -0.013   
   7.5e-18 
   0.0037  
  -0.45    
   1.2     
  -0.45    
   1.2     

CVEL
   0         0         0         0         0         0       
  -5.6e-18  -0.065    -7.6e-18   0.0045   -2.4e-19  -0.012   
  -5.6e-18   0.017    -7.6e-18   0.0084   -2.4e-19  -0.017   
   1.5e-18   0.017    -3.6e-18   0.0084   -3.2e-19  -0.017   
   1e-18     0.017    -2.7e-18   0.0084   -2.5e-19  -0.017   
   1e-18     0.0037   -2.7e-18   0.0032   -2.5e-19  -0.019   
  -6.1e-18   0.0037   -1.7e-19   0.0032    4.9e-18  -0.019   
  -6.1e-18   0.0074   -1.7e-19   0.006     4.9e-18  -0.018   
  -5.6e-18   0.017    -7.6e-18   0.0084   -2.4e-19  -0.017   
  -8.1e-19   0.017    -4.9e-18   0.0084   -3e-19    -0.017   
   2.7e-19   0.017    -6.8e-18   0.0084   -4.7e-19  -0.017   
   2.7e-19   0.0037   -6.8e-18   0.0032   -4.7e-19  -0.019   
   7.3e-18   0.0037   -9.3e-18   0.0032   -5.6e-18  -0.019   
   7.3e-18   0.0074   -9.3e-18   0.006    -5.6e-18  -0.018   
  -5.6e-18  -0.065    -7.6e-18   0.0045   -2.4e-19  -0.012   
  -5.6e-18  -0.065    -7.6e-18   0.0045   -2.4e-19  -0.012   
  -5.6e-18  -0.065    -7.6e-18   0.0045   -2.4e-19  -0.012   
  -5.6e-18  -0.065    -7.6e-18   0.0045   -2.4e-19  -0.012   
  -5.6e-18  -0.065    -7.6e-18   0.0045   -2.4e-19  -0.012   
  -5.6e-18  -0.065    -7.6e-18   0.0045   -2.4e-19  -0.012   
  -5.6e-18  -0.51     -7.6e-18   0.22     -2.4e-19   0.016   
  -5.6e-18  -0.51     -7.6e-18   0.22     -2.4e-19   0.016   
  -5.6e-18  -0.51     -7.6e-18   0.22     -2.4e-19   0.016   
   0.011     0.64     -0.2       0.074    -0.0066   -0.03    
   0.011     0.64     -0.2       0.074    -0.0066   -0.03    
   0.011     0.64     -0.2       0.074    -0.0066   -0.03    
   0.011     0.64     -0.2       0.074    -0.0066   -0.03    
   0.011     0.64     -0.2       0.074    -0.0066   -0.03    
   0.011     0.64     -0.2       0.074    -0.0066   -0.03    
   0.011     0.64     -0.2       0.074    -0.0066   -0.03    
   0.011     0.64     -0.2       0.074    -0.0066   -0.03    
   0.011     0.64     -0.2       0.074    -0.0066   -0.03    
   0.011     0.64     -0.2       0.074    -0.0066   -0.03    
  -5.6e-18  -0.51     -7.6e-18   0.22     -2.4e-19   0.016   
  -5.6e-18  -0.51     -7.6e-18   0.22     -2.4e-19   0.016   
  -5.6e-18  -0.51     -7.6e-18   0.22     -2.4e-19   0.016   
  -0.011     0.64      0.2       0.074     0.0066   -0.03    
  -0.011     0.64      0.2       0.074     0.0066   -0.03    
  -0.011     0.64      0.2       0.074     0.0066   -0.03    
  -0.011     0.64      0.2       0.074     0.0066   -0.03    
  -0.011     0.64      0.2       0.074     0.0066   -0.03    
  -0.011     0.64      0.2       0.074     0.0066   -0.03    
  -0.011     0.64      0.2       0.074     0.0066   -0.03    
  -0.011     0.64      0.2       0.074     0.0066   -0.03    
  -0.011     0.64      0.2       0.074     0.0066   -0.03    
  -0.011     0.64      0.2       0.074     0.0066   -0.03    
   0         0         0         0         0         0       

CDOF_DOT
   0         0         0         0         0         0       
   0         0         0         0         0         0       
   0         0         0         0         0         0       
   0         0        -0        -1.4e-22  -0.016     3.2e-20 
  -0         0         0         0.016    -6.2e-23   0.0076  
   0        -0         0        -3.2e-20  -0.0076    6.8e-23 
   7.6e-18  -1.2e-37  -5.6e-18   0.016    -7.1e-19   0.0076  
   0.0084   -3.8e-18  -0.015     0.0014   -0.019     0.00081 
   0.015     5.1e-19   0.0084   -0.00081   0.0013    0.0014  
   2.7e-18   5.5e-40   1e-18     0.019    -1.2e-18   0.0017  
  -0.0013   -2.2e-18  -0.0035    0.00034  -0.016    -0.00012 
   1.7e-19  -1.5e-39  -6.1e-18   0.019     6.1e-20   0.00044 
   7.6e-18  -1.2e-37  -5.6e-18   0.016    -7.1e-19   0.0076  
   0.0084   -3.8e-18  -0.015    -0.0014   -0.019    -0.00081 
   0.015     3.1e-18   0.0084    0.00081   0.0013   -0.0014  
   6.8e-18  -7e-38     2.7e-19   0.019    -2.7e-18   0.0017  
  -0.0013   -6.3e-18  -0.0035   -0.00034  -0.016     0.00012 
   9.3e-18  -1.3e-37   7.3e-18   0.019    -7.2e-18   0.00044 
   7.6e-18  -1.2e-37  -5.6e-18   0.016     3.3e-18  -0.026   
   0.087    -1e-18     0.0046    0.0044    0.037     0.15    
   7.6e-18  -1.2e-37  -5.6e-18   0.016     3.3e-18  -0.026   
  -0.087     1e-18    -0.0046    0.0044   -0.037     0.15    

QFRC_BIAS
  -0.66    
   1.2e-16 
   6.1e+02 
  -3.6e-15 
  -38      
  -6.2e-17 
  -11      
   1.8e-15 
  -8.9e-16 
   2.1     
   4.4e-16 
  -0.51    
  -11      
  -1.8e-15 
   8.9e-16 
   2.1     
  -4.4e-16 
  -0.51    
  -7.5     
  -6.7     
  -7.5     
  -6.7     

QFRC_SPRING
   0       
   0       
   0       
   0       
   0       
   0       
   0       
   0       
   0       
   0       
   0       
   0       
   0       
   0       
   0       
   0       
   0       
   0       
   0       
   0       
   0       
   0       

QFRC_DAMPER
   0       
   0       
   0       
   0       
   0       
   0       
  -0.016   
  -1.6e-18 
  -1.9e-19 
   0.0026  
   1.5e-18 
  -0.00074 
  -0.016   
  -1.1e-18 
   4.3e-19 
   0.0026  
  -1.5e-18 
  -0.00074 
   0.09    
  -0.23    
   0.09    
  -0.23    

QFRC_GRAVCOMP
   0       
   0       
   0       
   0       
   0       
   0       
   0       
   0       
   0       
   0       
   0       
   0       
   0       
   0       
   0       
   0       
   0       
   0       
   0       
   0       
   0       
   0       

QFRC_FLUID
   0       
   0       
   0       
   0       
   0       
   0       
   0       
   0       
   0       
   0       
   0       
   0       
   0       
   0       
   0       
   0       
   0       
   0       
   0       
   0       
   0       
   0       

QFRC_PASSIVE
   0       
   0       
   0       
   0       
   0       
   0       
  -0.016   
  -1.6e-18 
  -1.9e-19 
   0.0026  
   1.5e-18 
  -0.00074 
  -0.016   
  -1.1e-18 
   4.3e-19 
   0.0026  
  -1.5e-18 
  -0.00074 
   0.09    
  -0.23    
   0.09    
  -0.23    

EFC_VEL
   1.2     
   1.2     

EFC_AREF
   3.3e+02 
   3.3e+02 

SUBTREE_LINVEL
   0         0         0       
   0         0         0       
   0         0         0       
   0         0         0       
   0         0         0       
   0         0         0       
   0         0         0       
   0         0         0       
   0         0         0       
   0         0         0       
   0         0         0       
   0         0         0       
   0         0         0       
   0         0         0       
   0         0         0       
   0         0         0       
   0         0         0       
   0         0         0       
   0         0         0       
   0         0         0       
   0         0         0       
   0         0         0       
   0         0         0       
   0         0         0       
   0         0         0       
   0         0         0       
   0         0         0       
   0         0         0       
   0         0         0       
   0         0         0       
   0         0         0       
   0         0         0       
   0         0         0       
   0         0         0       
   0         0         0       
   0         0         0       
   0         0         0       
   0         0         0       
   0         0         0       
   0         0         0       
   0         0         0       
   0         0         0       
   0         0         0       
   0         0         0       
   0         0         0       
   0         0         0       
   0         0         0       

SUBTREE_ANGMOM
   0         0         0       
   0         0         0       
   0         0         0       
   0         0         0       
   0         0         0       
   0         0         0       
   0         0         0       
   0         0         0       
   0         0         0       
   0         0         0       
   0         0         0       
   0         0         0       
   0         0         0       
   0         0         0       
   0         0         0       
   0         0         0       
   0         0         0       
   0         0         0       
   0         0         0       
   0         0         0       
   0         0         0       
   0         0         0       
   0         0         0       
   0         0         0       
   0         0         0       
   0         0         0       
   0         0         0       
   0         0         0       
   0         0         0       
   0         0         0       
   0         0         0       
   0         0         0       
   0         0         0       
   0         0         0       
   0         0         0       
   0         0         0       
   0         0         0       
   0         0         0       
   0         0         0       
   0         0         0       
   0         0         0       
   0         0         0       
   0         0         0       
   0         0         0       
   0         0         0       
   0         0         0       
   0         0         0       

ACTUATOR_FORCE
   0       
   0       
   0       
   0       
   0       
   0       
   0       
   0       
   0       
   0       
   0       
   0       
   0       
   0       
   0       
   0       

QFRC_ACTUATOR
   0       
   0       
   0       
   0       
   0       
   0       
   0       
   0       
   0       
   0       
   0       
   0       
   0       
   0       
   0       
   0       
   0       
   0       
   0       
   0       
   0       
   0       

QFRC_SMOOTH
   0.66    
  -1.2e-16 
  -6.1e+02 
   3.6e-15 
   38      
   6.2e-17 
   11      
  -1.8e-15 
   8.9e-16 
  -2.1     
  -4.4e-16 
   0.51    
   11      
   1.8e-15 
  -8.9e-16 
  -2.1     
   4.4e-16 
   0.51    
   7.6     
   6.4     
   7.6     
   6.4     

QACC_SMOOTH
   0.0017  
   1.9e-16 
  -9.8     
   8.3e-16 
   0.089   
  -4.2e-16 
  -0.13    
   5e-16   
   6.4e-15 
   0.091   
  -1.5e-15 
  -0.017   
  -0.13    
  -2.3e-15 
  -5.7e-15 
   0.091   
   1.4e-15 
  -0.017   
   0.5     
  -1.2     
   0.5     
  -1.2     

EFC_B
  -3.3e+02 
  -3.3e+02 

EFC_FORCE
   57      
   57      

EFC_STATE
  1
  1

QFRC_CONSTRAINT
   0       
   0       
   0       
   0       
   0       
   0       
   0       
   0       
   0       
   0       
   0       
   0       
   0       
   0       
   0       
   0       
   0       
   0       
   0       
   57      
   0       
   57      

QFRC_INVERSE
   0       
   0       
   0       
   0       
   0       
   0       
   0       
   0       
   0       
   0       
   0       
   0       
   0       
   0       
   0       
   0       
   0       
   0       
   0       
   0       
   0       
   0       

CACC
   0         0         0        -0        -0         9.8     
  -2.7e-15  -17        2.2e-14   1.2      -3.7e-17   4.6     
  -2.7e-15   4.5       2.2e-14   2.2      -3.7e-17   3.3     
  -3.4e-15   4.5       2.2e-14   2.2      -2.9e-17   3.3     
  -2.4e-15   4.5       2e-14     2.2      -1.8e-16   3.3     
  -2.4e-15   1         2e-14     0.88     -1.8e-16   2.9     
  -4.3e-15   1         2.1e-14   0.88      1.2e-15   2.9     
  -4.3e-15   2         2.1e-14   1.6       1.2e-15   2.9     
  -2.7e-15   4.5       2.2e-14   2.2      -3.7e-17   3.3     
  -4.4e-15   4.5       2.1e-14   2.2      -1.7e-17   3.3     
  -2.7e-17   4.5       1.3e-14   2.2      -7e-16     3.3     
  -2.7e-17   1         1.3e-14   0.88     -7e-16     2.9     
   3.8e-15   1         1.2e-14   0.88     -3.5e-15   2.9     
   3.8e-15   2         1.2e-14   1.6      -3.5e-15   2.9     
  -2.7e-15  -17        2.2e-14   1.2      -3.7e-17   4.6     
  -2.7e-15  -17        2.2e-14   1.2      -3.7e-17   4.6     
  -2.7e-15  -17        2.2e-14   1.2      -3.7e-17   4.6     
  -2.7e-15  -17        2.2e-14   1.2      -3.7e-17   4.6     
  -2.7e-15  -17        2.2e-14   1.2      -3.7e-17   4.6     
  -2.7e-15  -17        2.2e-14   1.2      -3.7e-17   4.6     
  -2.7e-15  -1.4e+02   2.2e-14   58       -3.9e-17   12      
  -2.7e-15  -1.4e+02   2.2e-14   58       -3.9e-17   12      
  -2.7e-15  -1.4e+02   2.2e-14   58       -3.9e-17   12      
   2.9       1.7e+02  -53        20       -1.7       0.0057  
   2.9       1.7e+02  -53        20       -1.7       0.0057  
   2.9       1.7e+02  -53        20       -1.7       0.0057  
   2.9       1.7e+02  -53        20       -1.7       0.0057  
   2.9       1.7e+02  -53        20       -1.7       0.0057  
   2.9       1.7e+02  -53        20       -1.7       0.0057  
   2.9       1.7e+02  -53        20       -1.7       0.0057  
   2.9       1.7e+02  -53        20       -1.7       0.0057  
   2.9       1.7e+02  -53        20       -1.7       0.0057  
   2.9       1.7e+02  -53        20       -1.7       0.0057  
  -2.7e-15  -1.4e+02   2.2e-14   58       -3.9e-17   12      
  -2.7e-15  -1.4e+02   2.2e-14   58       -3.9e-17   12      
  -2.7e-15  -1.4e+02   2.2e-14   58       -3.9e-17   12      
  -2.9       1.7e+02   53        20        1.7       0.0057  
  -2.9       1.7e+02   53        20        1.7       0.0057  
  -2.9       1.7e+02   53        20        1.7       0.0057  
  -2.9       1.7e+02   53        20        1.7       0.0057  
  -2.9       1.7e+02   53        20        1.7       0.0057  
  -2.9       1.7e+02   53        20        1.7       0.0057  
  -2.9       1.7e+02   53        20        1.7       0.0057  
  -2.9       1.7e+02   53        20        1.7       0.0057  
  -2.9       1.7e+02   53        20        1.7       0.0057  
  -2.9       1.7e+02   53        20        1.7       0.0057  
   0         0         0         0         0         9.8     

CFRC_INT
  -1.1e-14   4.4e-14   5.8e-15  -1.2e-13   2.1e-14   7.1e-15 
  -1.1e-14   4.4e-14   5.8e-15  -1.2e-13   2.1e-14   7.1e-15 
  -3        -2.6       0.83      8.7      -3.6e-15   31      
  -2.7      -2.8       0.64      6.6      -2.1e-15   28      
  -2.3      -2.9       0.44      4.6      -5.3e-16   24      
  -1.5      -1.7       0.098     1        -1.6e-15   15      
  -0.67     -0.41      0.0092    0.096    -2.8e-15   7       
  -0.4      -0.24     -0.0023   -0.024    -1.4e-15   4.1     
   3        -2.6      -0.83      8.7      -9.1e-16   31      
   2.7      -2.8      -0.64      6.6       6.2e-16   28      
   2.3      -2.9      -0.44      4.6       2.2e-15   24      
   1.5      -1.7      -0.098     1         2e-15     15      
   0.67     -0.41     -0.0092    0.096     2.3e-16   7       
   0.4      -0.24      0.0023   -0.024     5.4e-16   4.1     
  -1.1e-14   4.6       6.4e-16  -32        4.2e-14  -96      
  -1.2e-14   4.4       5e-16    -32        4.3e-14  -1e+02   
  -1.2e-14   4.4       3.8e-16  -30        4.4e-14  -1e+02   
  -1e-15    -20        1.6e-16  -30        1.4e-15   11      
  -1e-15    -18        1.5e-16  -26        1.4e-15   9       
  -9.6e-16  -15        1.4e-16  -22        1.3e-15   7.3     
   25        23        1.9       27       -34       -76      
   26        26        3.5       34       -34       -80      
   27        29        5.2       41       -34       -83      
   28        20       -5.2       3.3      -34       -90      
   27        16       -10       -15       -31       -88      
   21        14       -10       -18       -23       -67      
   17        13       -10       -19       -19       -56      
   3.8       3.3      -2.5      -5.1      -4.8      -14      
   2.1       2        -1.5      -3.1      -2.5      -7.5     
   5         3.7      -2.7      -4.3      -5.2      -15      
   2.7       2.2      -1.6      -2.8      -2.7      -8.2     
   4.1       3.1      -3.2      -6.7      -4.4      -13      
   2.2       1.8      -1.9      -4        -2.3      -6.9     
  -25        23       -1.9       27        34       -76      
  -26        26       -3.5       34        34       -80      
  -27        29       -5.2       41        34       -83      
  -28        20        5.2       3.3       34       -90      
  -27        16        10       -15        31       -88      
  -21        14        10       -18        23       -67      
  -17        13        10       -19        19       -56      
  -3.8       3.3       2.5      -5.1       4.8      -14      
  -2.1       2         1.5      -3.1       2.5      -7.5     
  -5         3.7       2.7      -4.3       5.2      -15      
  -2.7       2.2       1.6      -2.8       2.7      -8.2     
  -4.1       3.1       3.2      -6.7       4.4      -13      
  -2.2       1.8       1.9      -4         2.3      -6.9     
   0         0         0         0         0         0       

CFRC_EXT
   0         0         0         0         0         0       
   0         0         0         0         0         0       
   0         0         0         0         0         0       
   0         0         0         0         0         0       
   0         0         0         0         0         0       
   0         0         0         0         0         0       
   0         0         0         0         0         0       
   0         0         0         0         0         0       
   0         0         0         0         0         0       
   0         0         0         0         0         0       
   0         0         0         0         0         0       
   0         0         0         0         0         0       
   0         0         0         0         0         0       
   0         0         0         0         0         0       
   0         0         0         0         0         0       
   0         0         0         0         0         0       
   0         0         0         0         0         0       
   0         0         0         0         0         0       
   0         0         0         0         0         0       
   0         0         0         0         0         0       
   0         0         0         0         0         0       
   0         0         0         0         0         0       
   0         0         0         0         0         0       
   0         0         0         0         0         0       
   0         0         0         0         0         0       
   0         0         0         0         0         0       
   0         0         0         0         0         0       
   0         0         0         0         0         0       
   0         0         0         0         0         0       
   0         0         0         0         0         0       
   0         0         0         0         0         0       
   0         0         0         0         0         0       
   0         0         0         0         0         0       
   0         0         0         0         0         0       
   0         0         0         0         0         0       
   0         0         0         0         0         0       
   0         0         0         0         0         0       
   0         0         0         0         0         0       
   0         0         0         0         0         0       
   0         0         0         0         0         0       
   0         0         0         0         0         0       
   0         0         0         0         0         0       
   0         0         0         0         0         0       
   0         0         0         0         0         0       
   0         0         0         0         0         0       
   0         0         0         0         0         0       
   0         0         0         0         0         0       

TREE_ISLAND
  0

ISLAND_NTREE
  1

ISLAND_ITREEADR
  0

MAP_ITREE2TREE
  0

DOF_ISLAND            0 0 0 0 0 0 0 0 0 0 0 0 0 0 0 0 0 0 0 0 0 0

ISLAND_NV             22

ISLAND_IDOFADR        0

MAP_IDOF2DOF          0 1 2 3 4 5 6 7 8 9 10 11 12 13 14 15 16 17 18 19 20 21

EFC_ISLAND            0 0

ISLAND_NEFC           2

ISLAND_IEFCADR        0

MAP_IEFC2EFC          0 1

